image: level3_map.pgm
resolution: 0.020000
origin: [-16.250000, -7.500000, 0.000000]
negate: 0
occupied_thresh: 0.65
free_thresh: 0.196